################ Lu177 mono ele discrete spectrum #########
1 0
1.0732e-05	0.111216
2.44606e-05     0.157786
0.000159973     0.446606
0.000281854     0.0140702
0.000303459     0.0758875
0.000716784     0.0135035
0.00136622	0.194576
0.00154549	0.0102732
0.00176734	0.000640929
0.00620291	0.0633905
0.00782315	0.0235413
0.00947345	0.00220287
0.044528        0.00180948
0.0531026	0.000936766
0.0616878	0.000116604
0.00616401	0.00109753
0.0474678	0.0517072
0.060401        0.000118801
0.060883        4.1354e-05
0.0620877	5.09951e-05
0.069547        4.8452e-05
0.0712428	0.00026802
0.071646        1.34486e-05
0.101705        0.00552802
0.102187        0.0347404
0.1033992	0.0306777
0.110851        0.0177125
0.11295         0.00481564
0.12548         3.04142e-05
0.125962        0.000103191
0.127166        8.49289e-05
0.134626        5.42269e-05
0.136725        1.48186e-05
0.142884        0.00597023
0.184192        0.000191324
0.197121        0.000769803
0.197603        0.000123382
0.198808        0.000119152
0.206267        0.000231783
0.208366        6.60486e-05
0.238429        2.25367e-05
0.238911        3.53928e-05
0.240116        2.30467e-05
0.247575        1.97518e-05
0.249674        5.4547e-06
0.255834        6.25701e-05
0.310071        9.0415e-06
0.310553        1.137e-06
0.311758        7.8745e-07
0.319217        2.5204e-06
0.321316        7.2706e-07
