############# Lu177: monoenergetic photons discrete spectrum #############
1	0
1.94297e-05     1.28087
3.31365e-05     8.9273e-08
0.00021984	9.09227e-05
0.000482        1.0522e-07
0.0012047	1.2348e-07
0.00163903	0.00388609
0.0016867	1.05166e-05
0.0069823	0.000875531
0.0072002	7.1451e-06
0.00745931	6.497e-06
0.00783281	0.00144873
0.00788959	0.012781
0.00818701	0.000341356
0.00866399	9.7877e-06
0.00888689	0.00019394
0.00903261	0.000153608
0.00903751	0.0117562
0.00912305	1.4403e-06
0.00914599	0.000250033
0.00918249	1.4094e-06
0.00933272	0.000248019
0.00934358	0.00222157
0.00948575	3.06292e-05
0.00951196	3.1308e-07
0.00951949	5.3094e-06
0.00952019	2.8779e-07
0.00953105	9.7372e-07
0.00953291	5.4671e-06
0.00955254	2.6282e-06
0.00955312	2.23545e-05
0.00957631	7.9476e-06
0.0102373	7.88938e-05
0.0103872	2.4937e-06
0.0105374	0.00213882
0.0106904	1.4824e-05
0.0107249	5.3143e-07
0.0107357	4.811e-06
0.0107573	2.2850e-05
0.0108097	4.70596e-05
0.0108692	6.39197e-05
0.0110194	7.3656e-07
0.0110303	1.1462e-06
0.0111987	6.733e-06
0.0112069	8.8153e-06
0.0112392	7.5337e-09
0.01112398	1.1183e-08
0.0547191	0.0163172
0.0559237	0.0285488
0.063128        0.00303923
0.0633831	0.00587418
0.0637565	6.16681e-05
0.0638133	7.84966e-05
0.0650467	0.000683509
0.0651063	0.00132314
0.0652562	1.45294e-05
0.0652671	1.84032e-05
0.0654356	0.000154461
0.0654439	0.00032004
0.0654762	1.6084e-07
0.0654766	1.927e-07
0.071646        0.00154
0.11295         0.064
0.136725        0.00048
0.208366        0.11
0.249674        0.00212
0.321316        0.00219
#####################################################################
