1 		0
2.2236E-05	7.3581E-04
9.8444E-15	1.0999E-04
1.0613E-04	2.2767E-05
1.1786E-04	2.5211E-04
1.5812E-04	7.4439E-02
1.7537E-03	1.0477E-04
1.9445E-03	1.1745E-05
2.1862E-03	4.5931E-07
1.3327E-02	2.0015E-05
1.5334E-02	7.1283E-06
1.7343E-02	6.0990E-07
1.74274         0.000101728
1.75819         1.09929e-05
1.76037         1.9427e-06
1.76070         3.3647e-07
2.16828         1.72e-12
2.18373         1.8619e-13
2.18373         2.067e-15
2.18402         2.031e-15
2.18591         3.3898e-14
2.18624         5.6682e-15
