1		0
6.524e-06	0.00138785
2.370e-05	9.7482e-10
8.734e-05	1.3084e-13
1.802e-04	6.1267e-08
2.024e-04	3.1871e-10
2.898e-04	1.9911e-09
1.803e-03	3.8011e-07
1.880e-03	1.5231e-09
1.890e-03	1.1046e-07
1.894e-03	1.4396e-09
1.981e-03	9.8109e-10
2.032e-03	2.3029e-07
2.034e-03	2.0958e-06
2.119e-03	9.70436e-07
2.165e-03	1.7404e-08
2.170e-03	3.7039e-08
2.184e-03	6.4466e-08
2.186e-03	3.9581e-11
2.188e-03	3.795e-11
2.218e-03	2.8692e-09
2.219e-03	2.5409e-08
2.252e-03	7.5891e-09
2.275e-03	3.2932e-11
2.306e-03	1.2191e-08
2.315e-03	2.8418e-10
2.324e-03	4.2315e-10
2.476e-03	5.359e-09
2.478e-03	9.4124e-09
2.508e-03	3.1392e-12
0.00250808	4.6753e-12
1.56498e-02     2.155325e-05
0.0157372	4.12457e-05
1.76171e-02     3.253e-06
1.763e-02	6.334e-06
1.777e-02	1.356e-08
1.778e-02	1.926e-08
1.792e-02	5.327e-07
1.793e-02	1.023e-06
1.796e-02	1.915e-10
1.7797e-02	2.702e-10
2.18624         1.4e-08
